3.000000000000000000e+00
0.000000000000000000e+00
5.860000000000000000e+02
2.060000000000000000e+02
6.230000000000000000e+02
5.990000000000000000e+02
2.430000000000000000e+02
2.190000000000000000e+02
4.330000000000000000e+02
5.300000000000000000e+01
1.400000000000000000e+01
6.850000000000000000e+02
3.940000000000000000e+02
4.100000000000000000e+01
3.060000000000000000e+02
4.210000000000000000e+02
2.080000000000000000e+02
1.610000000000000000e+02
5.880000000000000000e+02
5.410000000000000000e+02
2.340000000000000000e+02
6.640000000000000000e+02
5.380000000000000000e+02
4.000000000000000000e+00
1.580000000000000000e+02
1.280000000000000000e+02
1.400000000000000000e+02
5.000000000000000000e+00
2.850000000000000000e+02
9.650000000000000000e+02
5.140000000000000000e+02
6.000000000000000000e+00
4.340000000000000000e+02
2.000000000000000000e+00
5.080000000000000000e+02
1.147000000000000000e+03
6.100000000000000000e+01
3.100000000000000000e+01
7.000000000000000000e+00
6.700000000000000000e+01
6.200000000000000000e+01
1.080000000000000000e+02
4.320000000000000000e+02
9.980000000000000000e+02
1.131000000000000000e+03
6.600000000000000000e+01
5.200000000000000000e+01
9.540000000000000000e+02
4.610000000000000000e+02
2.500000000000000000e+01
4.410000000000000000e+02
5.400000000000000000e+01
7.470000000000000000e+02
4.420000000000000000e+02
5.200000000000000000e+02
2.390000000000000000e+02
1.105000000000000000e+03
1.340000000000000000e+02
1.000000000000000000e+00
4.920000000000000000e+02
2.950000000000000000e+02
2.880000000000000000e+02
4.300000000000000000e+02
9.170000000000000000e+02
4.020000000000000000e+02
8.600000000000000000e+02
1.120000000000000000e+02
1.080000000000000000e+03
1.117000000000000000e+03
1.190000000000000000e+02
1.054000000000000000e+03
9.730000000000000000e+02
6.140000000000000000e+02
2.200000000000000000e+01
3.150000000000000000e+02
9.060000000000000000e+02
8.140000000000000000e+02
1.049000000000000000e+03
5.150000000000000000e+02
6.300000000000000000e+01
6.870000000000000000e+02
1.059000000000000000e+03
7.020000000000000000e+02
4.450000000000000000e+02
2.700000000000000000e+01
5.020000000000000000e+02
7.670000000000000000e+02
1.002000000000000000e+03
1.220000000000000000e+02
9.490000000000000000e+02
4.470000000000000000e+02
1.980000000000000000e+02
3.680000000000000000e+02
9.600000000000000000e+02
3.960000000000000000e+02
1.134000000000000000e+03
8.240000000000000000e+02
3.080000000000000000e+02
9.830000000000000000e+02
1.118000000000000000e+03
