7.168009952847524333e-03
1.408472489928189999e-04
2.998266037276653526e-04
1.043568672966445690e-02
6.635803410692726369e-04
4.395489846589276908e-04
3.270648800117226295e-04
2.252843616659692201e-04
1.313915845274804611e-06
1.766451760977405582e-06
2.093389681691935929e-05
6.188540685892026034e-05
1.125895661556312017e-05
2.645363035382353008e-05
3.533165777492192593e-03
2.832866930307425393e-05
2.476908016729300341e-05
3.582176956404773363e-06
1.056866639050052826e-05
1.854865506494512742e-05
2.581899628704063156e-05
3.204017987097621851e-05
1.129092108423533956e-04
1.649522892820629738e-06
6.959299458617683484e-06
1.656477515192138791e-04
5.702497713730287347e-07
9.336546096099083861e-05
3.729778925827293217e-06
4.607124824587930710e-08
3.395649841607202346e-06
2.317384857416278517e-04
0.000000000000000000e+00
3.493875180374136869e-07
2.058571120116888014e-05
2.796949298873458172e-05
3.650109893545757257e-05
8.306616568020770282e-06
1.711946642337445126e-05
2.147644050060770703e-06
7.403315613177817517e-09
2.786286068748455511e-03
5.644781799067961987e-07
2.699176052005005584e-05
3.276083301447646061e-06
2.291080495831716775e-05
7.043374489809453354e-07
5.530537475834802132e-06
0.000000000000000000e+00
3.363732567281902471e-05
4.694664568259013877e-05
7.797921087732233834e-05
1.717384374086327529e-04
3.906837169033763359e-03
1.512341460989979262e-04
9.792787757260698980e-06
1.533261880827817663e-05
2.442160122468085555e-05
2.158562406807341670e-05
1.238987330717367564e-06
2.398549983464135659e-05
2.386094540280975403e-04
2.196352208643429622e-04
1.003001709077192227e-04
7.983151237089398505e-06
5.862016050733251371e-05
1.767563678607988152e-04
2.200357232056389736e-04
5.017497517904107235e-05
4.964072964753597983e-05
3.482004696697380989e-05
1.611786230030588850e-05
4.971352069610792115e-06
2.528623405587861607e-05
2.524793336797842696e-05
5.365172865847713489e-05
7.919372366573409396e-07
8.159078004235496449e-05
4.142522848322010014e-05
4.348447554466063525e-05
3.924485500756462884e-06
7.207729953668454007e-05
4.004200592185798197e-05
4.593483261592128857e-06
1.556834004565277270e-05
2.339781586668790892e-05
7.282304198432383124e-05
4.956635576020202152e-06
5.362274427276468991e-06
1.568508661335438038e-06
3.744658564538789136e-06
3.413429734558427515e-06
3.472223978285084109e-06
3.124851759279591449e-07
1.937440880784960690e-05
1.294825146761319722e-05
8.490272615610442802e-07
6.045865861552969935e-06
3.083169181209993324e-05
1.546941683810608575e-05
8.135557667262180778e-06
1.670651498771110141e-05
2.264855704767129312e-05
1.074493492365397802e-05
2.283220482109472214e-06
2.045395112928629144e-05
5.195254225793117771e-05
1.577042965422438921e-05
2.163573707556213830e-04
6.914461182066933688e-05
3.190069816015487943e-06
1.236960988424681055e-06
1.229380154823669425e-04
6.786968874932532397e-06
1.213034409843031245e-05
1.430431916032591672e-05
1.210219870359531084e-05
1.132866788288476500e-07
4.885365036321020051e-06
1.174328171246770815e-04
7.230544326601311781e-06
2.768745528768370947e-06
8.921317797243115931e-05
1.159356615566000934e-05
1.035013612302425233e-05
7.106002601284142955e-06
2.065986233571317170e-05
2.605384229100656673e-06
5.427135966004642412e-04
3.101923459437442092e-06
3.254904359053577918e-05
1.245643905049463745e-05
8.293041882172821127e-06
3.823293676536407992e-06
1.414184330403114886e-04
6.314643195415474484e-05
6.012081503027722467e-06
7.801724645469748932e-06
1.211546184532855207e-05
1.564500174623797423e-05
5.214931809758507767e-04
1.154848308143356269e-05
8.779295858075567160e-06
4.811670803648820561e-06
1.648703791415340441e-05
1.156040610553600151e-06
2.047886389741160585e-07
1.415377994823123196e-05
1.609082049365519594e-05
3.008820923750032089e-06
1.202260768912690685e-05
2.776675030314732835e-05
7.043643073498965579e-05
1.600794453059929703e-05
1.676446530483750435e-05
2.733309631199733888e-05
4.228151788042759540e-06
4.196912008272726759e-06
5.474530827682165882e-04
4.285251686744585229e-05
1.966696432748302032e-05
1.340301675012388772e-03
5.356631290223123186e-06
2.098340249118009991e-06
1.480701540527726665e-06
1.958818479625639797e-05
1.668699205637546223e-06
2.020106384762375025e-05
1.001851841847573985e-05
1.641233639145737148e-05
2.871137285068497147e-05
1.378217964421862874e-05
5.342729557939907302e-05
1.023854323781880296e-06
2.181755132070954143e-06
8.968271135476872956e-06
1.691812724622826671e-05
1.237849102638752477e-06
8.045410344013107325e-06
1.691538591055010067e-06
4.214832080940129173e-05
3.705025301151414381e-05
1.305203427498683336e-05
2.593970053563403883e-05
5.792456391932473237e-05
9.254620658702073906e-06
3.640463141402643018e-05
8.419081609316918317e-06
9.457706998793471103e-06
1.262697116991510422e-05
1.748851373266554490e-05
1.255796835375107571e-05
3.724989272926395488e-05
1.731507240194262207e-05
4.416458952407183126e-05
1.046512409661941839e-05
2.961248330026073687e-05
1.550388763127788402e-05
8.551369488206664782e-05
2.758583556890120671e-07
0.000000000000000000e+00
3.902234883755628712e-05
9.759685529093597398e-06
2.321113797823621029e-06
2.691316986324643210e-05
3.012120052510552741e-06
6.008820031636159624e-03
1.080787095954041009e-05
1.423398563669594705e-03
9.319604432206898467e-06
2.786164637413750909e-05
1.909717150699569026e-06
4.821288318192475249e-08
6.674927907968873125e-08
3.719617131714826695e-06
2.563328523290770049e-05
5.449923571408055757e-06
1.259578239825966521e-05
1.137431453450365520e-05
4.725427461998389991e-03
8.365379449936930964e-06
7.524842162881708559e-06
3.790997718156436165e-06
2.450366165344959517e-05
1.504096249337336097e-05
5.798820967276872837e-06
0.000000000000000000e+00
5.977192050208134512e-06
2.740142786719092663e-06
6.973352584205308677e-08
2.641903745898439962e-05
9.135770336510925848e-06
2.251874639525427666e-06
4.040350139386977133e-06
1.004246896738559148e-03
9.600256257753111652e-06
1.356216382898289183e-08
2.551280332825020604e-05
3.255348207291074283e-05
1.461558680795425739e-04
8.597890986177949765e-07
9.402936863304839322e-06
3.018726973373273264e-05
5.028777204267614008e-03
1.018446747870804632e-06
1.215156462778712607e-06
3.141818481669230812e-05
1.908863416095454081e-05
2.313428457376031074e-05
5.780132884456763579e-06
8.820896359403673808e-07
3.162057864661964521e-06
9.662116689815169869e-08
0.000000000000000000e+00
8.890518812679150908e-06
9.765587000885674168e-06
3.570938517289979869e-06
3.940912425773165559e-05
1.533802975449805122e-06
1.062721536913832030e-05
5.537673340154740136e-08
2.376286044220687871e-06
4.845192118310196380e-06
1.663827920410637374e-05
3.371675604925640426e-05
7.414507806596952035e-06
7.142037850185878261e-06
2.871848032136430174e-05
4.491432530022455635e-06
4.216803856040185280e-07
1.868673904467038838e-05
4.436463539294571572e-06
3.580758437762214653e-07
3.188558144204976947e-06
3.142964599712318532e-05
2.647880948976038537e-05
2.596143407463093270e-05
1.040319273922976680e-05
1.250184185418634840e-06
2.823693902462164925e-05
0.000000000000000000e+00
1.121717541007771474e-05
1.521881553513336450e-05
2.315995252414832173e-05
7.192340274882388026e-07
4.297026098543416280e-04
9.849582328677063033e-06
4.836091923061996654e-06
1.287937645396018053e-04
4.802002935384002484e-06
4.221081587154316204e-06
8.157754396404627017e-06
3.098800510524698360e-05
1.117127154829184500e-05
3.911908632179220897e-06
1.322799724327099430e-04
3.140947454018022373e-07
5.568881244790609853e-06
4.321853402359054452e-05
2.526931453460496029e-05
3.331332517107857836e-05
2.451792770967796428e-05
7.060228419100830419e-06
2.637757692397860334e-05
7.631611600972650961e-07
4.555352840035326679e-05
2.645900514428177648e-03
1.272549921814143744e-05
8.343640001675366755e-05
3.164412357363494420e-05
4.574698228294456009e-07
2.231558677229351823e-06
7.392264560360250437e-06
3.031249278253583660e-05
3.020875766491321342e-05
1.114483501949861357e-04
4.046141418195828301e-06
1.971657408806283318e-05
1.137493321873968776e-05
5.088594818980058963e-06
1.191566236238133990e-05
2.279271268251028267e-06
4.567492130767480051e-05
6.295404712840672119e-05
2.167782662545371459e-05
1.324966927391452558e-05
2.475100182091168115e-05
2.239851443739633910e-05
4.774459429976437438e-06
5.899409885144031147e-06
3.457138602083342663e-05
7.126721749686299874e-06
8.117784724369281462e-06
6.151804873319296682e-05
1.579997871812985419e-07
1.521430767825556961e-05
1.555444084763011643e-05
4.591404652346476425e-06
9.780606830870317464e-06
2.573724767226758360e-05
6.594365549344274200e-06
7.142779551056941444e-06
8.299991250217527767e-06
5.379019011199314595e-06
1.739686112252338636e-05
7.173992462108882508e-07
5.507571898439408426e-06
4.372117967352268814e-06
1.290974063726658855e-05
4.020457436841982658e-05
1.731516472009001479e-05
1.924446559279094566e-05
9.509176158165064341e-06
8.759999053977016761e-06
1.269578903513285266e-05
1.166215000990661594e-05
7.707617067400956474e-06
9.231749935222408445e-06
1.002872172547371095e-05
3.655621688788592011e-06
4.390062737829605608e-06
8.347261922277657658e-06
6.360649231270125689e-06
6.819515085343731979e-06
6.283848072223851940e-06
5.874405242171847940e-06
6.729815170290306251e-06
9.103841436544363451e-06
8.504310627854192145e-05
8.080244790024615839e-06
8.641750656413898989e-06
2.094439985942635337e-05
5.655674933275369915e-06
1.120804585988452570e-05
9.716738074852220510e-06
8.955828423632540656e-06
1.580168879201399197e-05
1.332188455301096152e-06
1.327185659486080552e-05
2.456490900714514250e-07
5.409105804630951348e-06
6.153592320266459551e-06
1.308500270896756759e-05
1.455753759344585385e-05
4.312517948427184396e-05
4.255145565870422893e-05
1.332402386299494204e-05
3.883876339911572651e-06
2.670260437309715513e-06
2.031197562991711146e-05
8.469613519326758838e-06
3.163707266905380072e-05
1.947839408409536221e-06
2.159266690398734212e-05
3.089489911779365935e-03
2.776254435803141891e-05
8.402497914182826589e-05
3.119397201021926776e-06
7.162383815161011300e-06
1.142352524325637841e-05
3.395521364382989769e-05
1.715367511240546971e-05
1.242231479718596389e-04
2.796562961588226944e-06
4.404900643554365131e-06
4.112594048879112443e-05
3.753398498118536951e-06
3.360937200885144740e-05
2.334405489141062271e-06
0.000000000000000000e+00
2.671755412614082393e-06
2.962464961625971350e-05
3.729093530900850250e-10
9.973312320868458315e-07
2.299674258018484405e-05
1.098161943751100155e-05
3.362879903230100130e-05
7.159409558378828453e-06
1.667733859271895965e-05
2.214614629619056107e-06
1.643370782433722753e-07
2.408378125921112160e-03
7.551023112354461458e-07
1.209467767185778561e-05
1.549645176757724050e-06
4.124078365650358559e-05
1.521149796572258781e-06
1.108047123577264142e-05
1.730059109473559186e-08
2.060440057518028641e-05
1.265667044814707389e-04
4.434607250983892832e-06
1.893408773926064852e-04
4.167566272637943624e-03
3.042035973170972743e-04
3.904649259614415089e-05
1.790436064739075591e-05
8.263886515558223599e-06
1.063318176082857781e-05
2.140770915532648578e-06
2.142232946141645042e-05
1.610872307945003707e-04
1.485230335313677467e-04
5.582556401962733680e-05
7.795423156519372306e-06
9.528940508376195970e-05
8.055247007882608166e-05
8.589092242473371562e-05
4.153898020868865905e-05
5.263936160876748132e-05
2.859291745192791206e-05
2.485471951958794293e-05
2.172237499629502507e-06
3.795335896885335445e-05
1.439216380355536744e-05
1.729636046267799825e-05
4.592840178954842607e-06
1.071945378122492576e-05
1.617662622990545494e-05
4.969349475329274416e-05
1.063715847113628697e-05
1.661699523320019144e-04
9.801273520025020666e-06
1.471989465612279307e-06
2.705078565156237904e-05
2.111094500098795334e-05
6.078603790834366359e-05
4.015430906339118754e-06
9.748126258878359678e-06
2.086516281830649141e-06
8.457264106578075773e-06
1.907950475761628362e-05
8.335100376441908655e-06
4.443621103741069979e-07
1.676127258321489491e-05
7.845179674738276919e-06
1.173721754002608240e-06
1.039620405411260305e-05
2.274309611499578641e-05
9.711153904760286558e-06
4.740476755930509986e-06
6.806182346111061547e-06
6.585532942546409255e-06
3.766246184082971228e-05
1.610908944312982854e-06
4.862715144051239996e-05
1.438588163585651523e-06
2.882647661875467813e-05
6.126965963558839222e-05
4.049381995795156656e-05
5.577242239557911969e-06
1.202208550736025042e-06
1.326021617620126410e-04
6.063890453781244395e-06
1.996068577718347213e-05
9.064158525799919042e-06
6.732605705272512916e-06
3.262938666137305734e-08
4.280188329588887402e-06
1.174909469699323688e-05
1.272847281810484622e-05
1.512519361276583103e-06
9.311432189636621422e-05
9.020324761481560453e-06
1.074357287206170867e-05
6.598318080754224755e-06
3.645936434419486723e-05
1.524859071709449255e-05
2.784106891814199804e-04
2.423338876545511392e-06
5.675127054560853907e-05
1.047357950067798692e-05
1.176298168187730316e-05
7.845275364995806742e-06
3.869897866163126863e-04
1.004789536506887546e-04
4.380299737931170014e-06
1.117953076391835329e-05
2.631281731802246016e-05
2.024035445320883519e-05
1.474282559584590298e-04
6.362183232589427354e-06
2.694309930374526207e-06
1.684584984731767739e-06
2.315333792599228970e-07
1.841834116457680884e-06
3.696370036898420771e-05
2.106934595704541174e-05
1.177983500476579803e-05
2.139863993620462750e-05
2.664401004001064655e-05
1.293693136376252375e-05
7.138626491662139245e-05
9.620592123013690767e-06
1.311467245932695654e-05
4.553567922392220014e-05
1.311202095336475449e-05
1.359784700162340925e-06
6.697583490323956576e-04
6.124547577086308253e-05
2.723864912631462624e-05
1.070782576407432575e-03
3.986201678348629019e-06
1.488714455083819901e-06
7.263183780189665294e-06
2.615120123508002254e-05
1.741343001049969525e-07
4.110694661726137261e-05
9.539086676935500689e-06
2.059830073349659573e-05
1.579909618225503398e-05
1.380471850333040557e-05
7.875227874197042417e-06
2.237175072811860476e-06
1.368267087085792906e-05
8.177546994380610081e-06
1.717042786354375865e-05
0.000000000000000000e+00
5.184907943567496637e-06
1.398803312683609907e-07
2.340252697359831050e-05
8.836053954316005577e-06
2.146721990716799920e-05
1.161371358521518609e-05
2.969808994785747046e-05
2.471059961172236808e-06
1.062180880904219047e-05
1.902446861153101881e-06
4.886534529202207868e-06
9.510849684031649260e-06
6.159065003605505135e-06
1.049329825584684331e-05
2.308799342459555027e-05
8.079076166830116443e-06
3.640356016022819682e-05
1.854193769093556696e-05
1.618170480375889680e-05
1.169692729440221517e-05
2.195531920906557496e-05
6.608489458303960318e-07
2.563796728461042267e-07
3.004372990998418536e-06
1.680838592859580177e-05
4.456654351264642886e-06
6.259742005531157615e-06
4.138286165057752763e-06
6.269457499135042307e-03
2.916069175536392688e-05
1.121219807648830748e-03
7.197236584465791076e-06
2.757269182148977410e-05
3.660835270248655837e-06
1.518081307179669639e-07
3.369501310829716997e-09
9.176982235273407424e-06
2.609627636047762931e-05
8.276347020482352078e-08
1.260442151294355328e-06
3.941891915356070529e-06
5.061317733492291283e-03
1.512527594975820688e-05
5.425144797383350730e-06
1.490945500408754083e-05
2.285710351413623584e-05
8.032085952280037993e-06
1.713657058225243295e-06
0.000000000000000000e+00
3.499640817703699370e-06
6.678598833409884110e-07
0.000000000000000000e+00
1.093524428859945503e-05
4.706218152938734141e-06
1.753638011541523366e-06
3.538407729253687062e-06
1.136586437085803508e-04
8.924628946772338020e-06
2.195028317948120683e-07
7.959965839203304299e-06
3.266965986400767501e-05
3.559632673508365309e-05
2.888942239991522371e-07
1.746193566498865541e-05
2.174982229112603361e-05
5.409874320777572319e-03
5.845557642239727970e-06
7.800302016173626290e-07
2.375769174945610354e-05
5.081678189347670981e-06
1.119163158147792121e-05
1.608227941890341680e-06
1.548449447769384356e-06
4.837120461077670410e-07
0.000000000000000000e+00
1.520034779765996024e-05
7.784571914723862021e-06
4.851562382004305018e-06
2.037516940325681726e-05
7.849303029672620861e-07
6.879297562877804578e-06
4.535817867863558308e-07
1.773930715618669691e-07
5.960599341195198097e-06
1.868801530005321788e-05
5.251317356904665112e-05
6.054326558758780358e-05
1.193747459467255645e-05
3.118726762243966943e-05
4.035946876574831262e-06
5.808390089152068770e-06
3.208522246761486138e-05
3.218539815497015942e-06
3.695374057519326099e-06
3.512333688680578734e-06
3.811571621091082652e-05
1.614815803906063715e-05
2.030922191180887650e-05
7.029404949559547469e-06
2.293848112728652043e-06
1.979900958146886281e-06
0.000000000000000000e+00
1.015501733058652388e-05
1.477604942688813861e-05
1.001809917842882233e-05
8.515430040033943309e-07
7.420770627282558072e-04
5.336213331030032840e-07
9.896171946136509410e-07
3.567126457191119109e-05
2.401242396151642227e-06
8.560943563572040533e-06
7.700736125322846912e-06
3.410802612750240301e-05
1.020473534696558791e-05
5.553948797713866844e-06
2.828254051863712682e-05
1.342141868098389732e-06
2.571489636044517467e-06
4.426183785757811936e-05
3.950361501370021588e-05
1.601340646461554352e-05
5.968327516305916501e-06
2.397246066405938130e-06
1.351313741459692766e-05
1.132966102334658543e-06
2.252286620664550643e-05
3.119059276057969867e-03
1.093709425318376811e-05
9.716980304676666174e-05
1.313281942571532644e-06
4.706911483425967480e-05
4.351214075636459997e-06
1.130069394348812033e-05
3.304861240672273779e-05
1.199181363849865489e-05
3.801015719641067720e-05
5.028818494524980424e-06
1.961644425997535469e-05
9.218173087312727521e-06
6.043257985751334286e-07
4.909981899903669895e-06
4.936171811158686309e-06
1.841262561282555119e-05
9.541081605348358655e-05
2.823085637511887856e-05
2.962555042790755643e-05
3.300680941068904914e-05
1.610577248696080764e-05
5.189278723517071709e-06
2.294142063395330175e-06
1.662577967992555523e-06
2.738630639642495873e-06
9.567727215866792572e-06
8.572826407715292298e-06
1.177325981389364582e-06
2.482429875178634546e-05
2.777591726318908057e-05
5.288633390655203555e-06
1.927938234230600517e-05
7.089310537601044879e-06
6.173099596509614029e-06
5.922212703030415941e-06
9.375977657262152723e-06
2.152068727333752860e-06
1.358041212779137195e-05
1.615473737244343968e-06
4.243552387154665345e-06
6.412436442729451708e-06
1.171194314280666468e-05
5.269878903867987227e-06
1.765615733324120084e-05
2.286697776265375124e-05
1.420095526033749941e-05
9.601372459697895254e-06
1.065600185491446553e-05
2.249322519300176127e-05
7.956342206904645119e-06
3.023014034598091050e-05
2.056091260231198396e-05
1.996786740381705930e-06
2.874425533833459813e-06
1.861839676022778877e-06
1.623481424980318660e-05
6.316640742367446697e-06
2.483352193481981742e-05
1.430307052963880730e-05
1.251550319808588345e-06
1.504916500269999623e-05
1.511835064732683733e-04
2.213886960226417387e-05
1.669877743220138418e-05
1.197034298646140029e-05
3.562720341806029130e-06
1.225624832185373713e-05
7.688379988813760419e-06
1.486930800590126191e-05
7.920349166162404220e-06
1.396229589767836579e-06
1.626710643417246174e-05
5.569795623211817658e-07
7.221741802695786372e-06
1.817580027349775313e-05
1.449171526799182402e-05
1.262845933653475749e-05
1.567200509658317446e-05
4.954378739723904436e-06
7.657601169700367993e-06
8.469987750587212408e-06
9.146148859990746525e-05
4.000073265210305851e-05
2.381088405741431794e-05
4.506473935309456339e-05
4.423470539238109987e-05
2.956666316792738004e-05
2.896573254283890653e-05
3.324150463869977396e-05
2.364853274664559731e-05
6.202448851957794080e-05
2.148604416933739463e-05
2.473063282582113235e-05
2.276612536638032068e-05
2.035036263208949748e-05
5.644250903886703348e-05
3.298797371368953371e-05
3.557776474484177469e-05
2.110139831050047122e-05
8.643273007491738969e-06
4.455529008260065006e-05
2.815498890014203617e-05
1.003563279151116082e-06
4.183986632062055037e-05
2.075781197674864324e-05
1.265100274763733723e-06
7.267580332972251421e-06
2.815911623431266073e-05
5.908697891137958564e-05
4.665272159741998693e-05
2.665072023507538708e-05
4.569455045667841433e-05
3.603580724498501908e-05
1.192793340646127723e-05
2.128355807338453144e-05
6.025268291835740306e-06
2.342646155288232495e-05
4.391715531739047950e-05
3.053360747850232315e-05
3.130158785115273566e-05
4.374538342940657452e-05
1.041511280426355673e-07
2.650383457922663003e-05
2.390662660193526348e-05
4.107617029052412479e-05
1.550082996493551036e-05
3.339836264902749447e-05
4.907034941105282847e-05
1.064761052722449703e-04
3.709646330329062128e-05
3.788031902737545008e-05
6.511947480626247432e-05
4.236445441526101086e-05
1.418427012364066609e-05
8.233499481123264627e-07
3.938864219649748053e-05
1.586003513654740622e-05
6.360779490408735321e-05
8.350301404293157515e-05
6.195769723003031961e-06
1.596037086792293980e-05
1.667616546164047344e-05
3.349919919662912722e-05
3.030719797108757184e-05
5.784682120538754680e-05
7.845449191581663835e-05
3.901177407489899709e-05
2.251877035922227841e-05
3.212823607018046789e-05
4.108080475153464355e-05
3.543218124607730544e-05
1.600065035306302494e-05
2.486973670084116452e-05
4.392947292473734785e-05
1.837156753821997634e-05
1.749972050212303108e-05
4.147959813121448672e-05
1.399101133072364543e-05
4.031774793697889868e-05
2.083355428980092596e-05
6.390675887227912461e-05
4.820276898462063340e-05
6.459240802112611673e-06
5.590853065640882336e-05
5.266707663510254283e-05
5.553802034251589592e-05
2.297168481617842557e-05
2.314339122988157881e-05
1.917071079015476273e-05
4.260743219611213108e-05
7.445667136618736828e-05
2.354737427771598068e-05
4.798048595964777814e-05
4.067536125723377578e-05
1.231814755859961610e-04
2.620609551447850770e-05
2.336323705447860256e-05
3.945867098192835844e-05
2.752322142068358392e-05
1.702652076380104879e-05
3.289392383485366703e-05
3.271204767776139834e-05
2.139703782497033750e-05
3.958804088962727008e-05
3.450561243685014434e-05
6.126587990734500152e-05
4.972931918386577766e-05
4.698596617235152047e-05
2.721346335317212720e-05
3.161552647920466176e-05
1.629036905477570441e-06
4.967184957562934900e-05
6.391761881616037371e-05
4.321247443623338813e-05
1.223735123503998436e-05
1.040250078797350124e-05
4.217841706572239335e-05
4.681766808450500412e-05
5.708886893449334167e-05
1.892686453638706452e-05
4.651875024334028964e-05
9.320055788898188714e-06
3.234166416270818232e-05
1.977544258169930256e-05
4.649997336871285051e-05
3.223327684714925797e-05
3.451851405670496953e-05
4.526748340547114143e-05
1.864070492023954870e-05
6.187577104744382858e-05
3.823287820552482408e-05
2.308876341281644549e-05
1.999201759734480294e-05
1.098686036898493162e-05
4.286452772074769030e-05
4.557158100903135385e-05
3.167147917942275996e-05
1.814991128769389748e-05
4.171913159408970176e-05
4.064778195502031919e-05
1.086405309368294170e-04
2.840920757530462004e-05
5.112405935139105082e-05
2.941483957211557507e-05
6.360968516402881875e-05
2.589613941596937379e-05
5.547122858387488944e-05
2.714873571220159442e-05
4.987387348137750073e-05
6.640960616384746309e-05
4.026663165090907159e-05
1.242498741891519981e-04
4.724512997443349100e-05
5.198630329041318318e-05
5.564548300437264963e-05
3.650118792641104059e-05
4.970243450109299580e-05
5.226003589784526806e-05
4.361512367145935296e-05
7.664534296776059159e-06
6.940354866158189205e-05
3.031249817955983049e-05
2.343947765589503150e-05
2.948162974216181340e-05
1.533467037013883780e-05
6.779222085484430465e-05
3.665216152839646704e-05
6.646256528234597194e-05
2.104006376776575157e-05
4.726155973859228886e-05
7.333013885766827610e-06
2.903405303950596072e-05
1.198389761016121086e-05
1.959692054526219294e-05
1.998758597790979398e-05
2.357345454336410185e-05
3.476561931811560015e-05
5.620240900146248074e-05
4.799205034422119362e-05
3.969287776250219430e-05
2.078884175124392120e-05
5.762927941988639860e-05
3.885993314303138007e-05
8.600499267119765436e-05
2.652930331224457949e-05
4.377821442830386864e-05
3.403976973331222902e-05
1.689079610436146917e-05
1.709223674746363332e-04
2.340478979217617964e-05
2.454469759094375793e-05
1.358993111381663187e-05
2.141200501147643380e-05
2.524933460345435067e-07
8.477701460102838563e-05
3.269332749949674664e-05
4.095731009096991793e-05
4.670164249830288460e-05
4.933104589594820101e-05
4.172025196593870627e-04
2.688614840658389666e-05
2.916902746438002498e-05
4.634377819716377258e-05
4.367643128022202504e-05
3.815247673493208595e-05
6.397752670940932070e-06
8.810021226524700706e-08
1.150687011252939210e-04
1.345341962670743562e-05
1.325441392518472021e-05
2.646755947104676354e-05
5.967487964003002394e-05
1.342345234395965436e-05
4.401167046144795279e-05
3.763812814892660463e-05
3.956542508970590594e-05
1.726549706375991492e-05
8.334963880742509335e-05
4.772921539944634993e-05
2.434203155162074178e-07
5.673929522999430087e-05
4.643855518901566284e-05
2.060839563343843151e-06
5.322278980186648538e-05
3.030744929909743836e-05
2.262578399475236561e-05
6.298207316448383125e-05
2.063783553619572491e-05
4.743895855659373468e-05
1.101967372149931194e-06
4.118145084719087001e-05
1.460272284526667703e-05
1.846484567861794224e-04
2.407386152914355908e-05
3.658027824059714646e-05
1.693631950487156342e-05
8.930985628525763345e-05
4.453523711792091281e-05
1.265433528247450107e-05
2.922158614403336507e-05
4.379099085011875671e-05
5.739212523046715225e-05
4.216115550854546509e-05
2.304100440042998018e-05
1.781692067598108456e-05
1.374286604100380499e-05
4.977408453702558527e-08
6.598755116623818227e-05
4.822688527370408353e-05
3.135696695454655308e-05
3.446802741318761481e-05
4.915765421772648464e-05
3.897076151111768792e-05
3.939711419313665377e-06
6.448348282086406859e-06
4.354761333252317847e-05
2.805349379598423242e-05
3.992590444480612598e-05
4.038427051811258143e-05
2.396442179305231806e-05
2.885611987979719645e-05
6.277295461468908344e-05
3.357308384456497680e-05
2.391256196767274509e-05
6.277465756296395116e-05
1.499360773208844590e-05
3.011426088821190925e-05
3.162344820005791063e-05
2.100809997216999356e-05
3.998394506159303575e-05
5.897607791574450026e-05
2.481117179113949064e-05
5.201146464897955091e-05
5.307402737318747260e-06
4.836591291990341196e-05
3.751088810998074412e-05
4.153333353651308913e-05
1.517316855585224412e-05
7.958067938642349594e-05
1.193507451967103123e-05
3.040170651937473866e-05
3.890495382636206275e-05
4.388683395653390903e-05
1.030419984034868430e-04
3.230219564124561863e-05
2.741148710656266500e-05
2.114973956229774168e-05
4.903875683894983562e-05
1.169636240244905940e-04
1.477149883579436873e-05
2.621010719803098791e-05
5.636668178864775048e-05
3.480103269605789153e-05
9.585793573330017147e-05
2.747619428498009468e-05
5.136882332923329534e-05
3.161251554548638251e-05
1.642507096061716280e-05
2.506661317687936525e-05
1.796818477557716117e-05
4.592516653252864392e-05
2.735137827575215218e-05
3.412750656279930992e-05
1.644099102192322456e-05
4.865896347510546415e-05
5.955744685161954176e-05
6.352329583999282456e-05
3.017399767743846005e-05
3.782716752152671594e-05
4.396184742561319700e-05
2.295288289274615584e-05
2.547364624356985546e-05
3.680974119605275497e-05
2.801793897808446064e-05
1.226200439356327893e-04
4.054386699830898980e-05
2.202922195466903209e-05
2.069719489255270034e-05
4.186660792709785814e-05
2.858619597990806328e-05
3.048031227092918671e-05
7.103504781364038969e-05
4.211726397140258776e-05
3.964935275538852475e-05
3.767375201059214063e-05
2.073598619391661709e-05
3.625826427258737900e-05
2.526997692043586157e-05
2.494446796357681137e-05
9.591546510057708284e-06
4.576453128386068670e-05
2.740452327869719187e-05
2.446761604650775319e-05
3.793968320428751343e-05
3.526146561986029512e-05
6.989517729565975553e-05
3.962270433783258603e-05
6.418965481764522102e-05
2.447144035609817057e-05
1.431315743217328128e-04
5.266422958324941389e-05
3.758130387709135510e-05
4.742877699999814946e-05
3.684081482195789177e-05
4.050427313822550817e-05
1.837196760751631184e-05
3.523006421329262164e-05
2.734951464284467905e-05
2.229583845619921093e-05
6.600389994601633383e-05
3.790513526576786264e-05
1.198280628212840010e-04
8.195101314798610619e-05
6.059808851545910036e-05
5.001519540853724633e-05
4.349327064720797867e-05
3.245107284548508783e-05
5.441100191057246722e-05
3.866885143075734935e-05
2.301940160930925555e-05
5.458891911566546642e-05
3.083123432392062210e-05
2.452364505389270833e-05
3.337917361807323988e-05
5.844295777099849099e-05
1.817909293219244877e-04
5.855454052209913430e-05
2.747546118527092847e-05
8.351197167160401117e-05
7.039946619868679332e-05
4.355620819009935028e-05
3.253000448864209207e-05
5.678052718236272758e-05
5.672637594359530410e-05
4.949971215521040797e-05
2.008320630936997569e-05
3.185252429843936638e-05
4.726253184643410346e-05
7.581169776756727368e-05
3.269374296476523122e-05
4.094764314042119489e-05
2.756728263771015945e-04
