0.000000000000000000e+00
1.250000000000000000e+02
3.000000000000000000e+00
2.780000000000000000e+02
2.920000000000000000e+02
2.610000000000000000e+02
1.390000000000000000e+02
1.080000000000000000e+02
1.510000000000000000e+02
1.830000000000000000e+02
3.040000000000000000e+02
3.000000000000000000e+01
1.450000000000000000e+02
2.980000000000000000e+02
4.000000000000000000e+00
2.630000000000000000e+02
1.870000000000000000e+02
5.000000000000000000e+00
3.730000000000000000e+02
1.100000000000000000e+02
1.700000000000000000e+01
1.700000000000000000e+02
6.000000000000000000e+00
4.200000000000000000e+01
4.670000000000000000e+02
1.210000000000000000e+02
1.290000000000000000e+02
7.000000000000000000e+00
1.520000000000000000e+02
2.700000000000000000e+02
1.000000000000000000e+00
4.260000000000000000e+02
3.900000000000000000e+01
2.000000000000000000e+00
1.860000000000000000e+02
2.740000000000000000e+02
7.700000000000000000e+01
3.400000000000000000e+01
1.170000000000000000e+02
4.000000000000000000e+01
1.920000000000000000e+02
3.800000000000000000e+01
2.400000000000000000e+02
1.240000000000000000e+02
3.300000000000000000e+01
8.700000000000000000e+01
3.500000000000000000e+01
3.670000000000000000e+02
1.950000000000000000e+02
4.050000000000000000e+02
3.530000000000000000e+02
6.500000000000000000e+01
1.880000000000000000e+02
2.030000000000000000e+02
1.910000000000000000e+02
8.100000000000000000e+01
3.510000000000000000e+02
3.570000000000000000e+02
2.180000000000000000e+02
2.270000000000000000e+02
8.400000000000000000e+01
3.920000000000000000e+02
4.350000000000000000e+02
3.500000000000000000e+02
1.930000000000000000e+02
3.640000000000000000e+02
3.320000000000000000e+02
1.800000000000000000e+01
4.110000000000000000e+02
4.310000000000000000e+02
1.710000000000000000e+02
3.700000000000000000e+01
4.520000000000000000e+02
4.490000000000000000e+02
1.310000000000000000e+02
1.720000000000000000e+02
2.770000000000000000e+02
4.220000000000000000e+02
1.940000000000000000e+02
3.520000000000000000e+02
2.900000000000000000e+02
3.590000000000000000e+02
2.860000000000000000e+02
2.190000000000000000e+02
6.600000000000000000e+01
3.650000000000000000e+02
2.340000000000000000e+02
3.050000000000000000e+02
3.630000000000000000e+02
2.840000000000000000e+02
4.540000000000000000e+02
3.420000000000000000e+02
2.100000000000000000e+01
4.100000000000000000e+01
4.470000000000000000e+02
2.570000000000000000e+02
2.020000000000000000e+02
1.560000000000000000e+02
7.800000000000000000e+01
3.430000000000000000e+02
