7.033634877214478553e-03
4.362407182657979240e-04
4.099368091151412742e-04
6.341021465658651032e-03
1.027548795527848547e-03
6.718540002178511770e-04
5.596656017816893560e-04
4.990483061753248767e-04
5.570965328941436415e-05
9.277568223413214883e-05
1.133452037530079111e-05
1.331769742103318312e-04
1.267416511597236196e-04
4.742255979519628944e-05
4.808827758610655063e-05
5.256771158061675003e-05
2.952772540132257421e-05
6.349916016980721237e-04
2.209448839830031072e-04
2.437682031001554421e-05
5.410798852711844374e-06
1.527296928597765991e-04
2.911815090931457304e-08
1.538485242345519357e-05
1.569208606072595373e-05
3.305021341744923051e-06
3.809273386843800411e-05
1.051097978391473954e-04
1.906922662419610964e-06
1.047926528324989249e-04
3.048313999845794244e-03
1.993311625564975727e-05
7.290853265193696238e-05
3.420768161748610628e-04
3.662511935423584100e-04
3.205740073682872521e-04
2.745134913030735543e-06
1.991498229709589315e-04
3.569366773553031666e-04
4.172927334956639351e-04
3.596427908137993972e-04
1.522960810595212441e-04
5.516056756569862399e-04
1.917437932242958284e-05
3.096804512848609783e-05
5.670602856683745065e-06
1.153411142914981057e-05
9.022530941525868460e-06
1.124711965486105316e-04
7.982161079492834123e-05
1.385126634271860219e-04
3.529965650170059264e-05
6.354727830393011958e-05
1.774727404028639895e-05
2.590527551810588536e-05
7.463163702296093547e-05
2.791825256681176937e-06
4.396101904557495337e-06
1.606488492776758653e-05
1.333413655914514429e-05
1.380395583378768659e-04
2.455514801111496223e-05
6.899483526570140766e-06
4.091632949085978666e-05
4.567060801878315854e-06
2.929350899102534230e-04
1.622078417962195503e-04
2.967547014806229294e-05
1.190699107147581584e-04
3.325420165355414758e-06
3.502435152743624448e-05
1.303101173654773603e-05
7.709161953787444150e-07
4.302676959870379322e-05
7.866133014214980843e-05
1.745930922615288952e-05
8.884705547391095841e-05
3.760810757587913907e-04
1.416079261588283416e-04
8.104671585453738689e-05
3.343654648968190000e-05
2.628880704454359643e-04
7.302530137126805572e-05
9.782897760443255871e-05
2.380099353692892298e-04
1.464775213112061142e-05
1.009082027762293237e-05
3.294181213819611189e-04
4.195144480411825327e-05
5.398500132642897621e-05
4.867810192181934762e-07
9.040559351375527240e-05
2.184108412382252499e-05
1.809466343208279881e-06
3.496410157776383870e-05
5.368449683860366818e-05
1.036922935317239475e-04
4.338062278406270482e-05
1.123303895157280930e-04
1.338519010338183268e-05
1.124292113834000185e-04
6.744861699362658170e-05
1.853936151719632949e-05
6.321775318125747605e-05
1.382993425065258658e-04
8.681783802715197797e-05
8.787839545586625608e-05
1.550524169889681717e-07
4.381602134445071461e-03
3.543496793784002081e-05
6.456204436039951868e-04
2.830255914409378423e-06
2.447286885618026601e-05
4.508894066261764276e-05
1.372748974615895553e-04
1.587112011226365899e-05
1.271109567935841547e-05
3.640525600944324392e-04
4.191299259592153920e-06
8.915925354704186000e-05
5.681240501271203201e-06
5.346316918902584495e-04
3.403374846485724179e-05
2.858078079031070947e-05
3.470694549677022728e-04
6.656387650813828764e-03
3.646529869792778517e-05
7.962819144142783208e-05
3.356975374380039663e-05
5.271104557086589730e-04
1.936308386393973622e-05
1.898323353573856003e-04
1.353589632017858011e-04
8.931633800741158025e-05
9.432232873184172458e-05
5.564782601500391186e-05
7.367115499050105800e-05
7.727026323881480349e-05
3.565133299750483637e-05
4.481597360369573950e-03
3.010019375035803724e-06
1.116130920542375069e-05
1.716588159055767185e-05
6.565067222178178909e-05
3.390769858187018028e-06
1.480394889541219224e-03
6.281073114469250891e-05
1.800203623441297315e-05
4.762728303434585517e-05
8.175390721696606898e-06
2.078247568226510115e-05
4.139816988958106535e-03
4.820234394443463524e-04
3.690719275507681034e-05
4.835920073504342405e-05
3.537518860962297516e-05
1.427621587708873332e-04
1.669783463269131460e-07
1.247471761848958319e-04
9.605447836636149550e-06
1.674895698632875603e-06
7.488875506440882972e-05
7.225753295750895902e-05
2.163688497663733218e-05
8.148173695641421619e-05
1.027318197319217489e-04
3.665668875174476094e-05
6.715190463635660955e-05
3.181664120559641272e-05
2.988824988117629337e-05
6.062238583513704761e-04
2.040099266927941743e-04
1.859989312222504513e-04
5.419986583580560533e-06
3.479266957891981104e-05
0.000000000000000000e+00
6.436849789799971816e-06
6.625268393856686503e-06
4.919671173211067084e-06
2.566125890365244063e-05
8.924752143561844638e-05
6.069046179756503497e-06
8.676684300482290571e-05
4.011699662560124467e-03
4.324141728927546890e-05
6.219913071136902070e-05
3.898539120768876581e-04
7.476811652009577713e-04
2.872553640261456395e-04
1.466933643354392116e-05
1.107013243114646423e-04
2.697613181959745954e-04
3.572847873796020871e-04
2.288742050134316371e-04
1.843272533090984950e-04
3.126802854760524328e-04
1.537927893365023500e-05
1.834237651410648481e-05
1.364748369132679168e-04
3.354439182546081272e-05
1.026597458801793612e-05
1.022785654732139205e-04
1.446586275270569661e-04
2.853703529971407006e-04
3.465776416274460108e-05
7.338336787067509628e-05
7.355717412627557346e-05
2.943422464168246301e-05
3.985710298987510668e-05
3.175138588010110293e-06
7.174911011438152796e-05
1.919010515574921805e-05
1.173454500835908252e-05
8.332754413231946704e-05
1.828966264528826427e-05
1.868463335003337169e-06
9.347243403503834058e-05
2.302307071381658361e-05
2.453034607622262713e-04
1.665351030125678130e-04
6.274332795901323720e-05
1.013152847150533607e-04
1.267687729987952729e-05
5.334602215131358693e-05
1.220180447002326135e-05
1.298804354152451400e-06
3.229915617315966064e-05
2.390794238246082544e-04
8.284961043068233281e-06
3.095727781247125147e-05
1.253260537985131018e-04
8.795382009927713300e-05
4.896356992825007302e-05
4.453938898867262067e-05
1.600254715450462556e-04
5.745918659302912048e-05
5.994606242972544326e-05
6.990107401861074652e-05
8.297789337921978589e-06
1.175315426633932086e-05
3.525358804759634720e-04
7.872299523047223508e-05
3.804661485794726583e-05
1.923845350626822571e-07
5.910094270353067529e-05
6.664015942126218579e-06
3.158992169598714338e-05
2.149755449846322593e-05
5.163523092126931892e-05
1.570955036606193003e-05
1.100345436782182984e-06
6.176831709595433442e-05
3.188842466866571499e-05
1.325393076246466077e-04
1.578771459298021707e-05
5.708938032187864695e-05
9.986874784803534302e-05
1.485371963017518898e-04
8.754337252788695469e-05
1.137227348755619259e-04
1.237410104090253922e-06
5.342314988526226070e-03
3.300022525052265693e-05
8.288676202536486310e-04
1.850959774044089044e-06
4.005280298432201510e-05
3.411166369590620242e-05
1.083315762631180244e-04
1.591399202538402080e-05
5.708036791625940802e-06
4.613858769577033154e-04
2.773480719543571537e-05
1.151851355364127570e-04
7.787788227535022396e-06
3.818453231900496609e-04
2.530497184930261250e-05
2.589376845818504609e-05
1.855468754648949433e-04
6.297322096935194409e-03
4.050251610874116583e-05
4.042463600996833536e-05
5.251432451079572969e-05
1.242259951816409495e-04
3.336779646293790028e-05
1.554213121904445992e-04
3.007242827736669521e-05
1.732441088444388840e-04
8.559734227746110811e-05
1.085927928440496291e-04
1.011430927561218383e-04
1.803541629514688618e-04
1.271843997434407895e-04
5.369571129169725329e-03
1.418319024510781637e-06
1.304023505785973813e-05
1.179603881683279983e-05
7.906005131858030428e-05
2.934690604571163556e-05
1.301394352933026759e-03
6.727172785675324888e-05
1.715392876160680660e-05
2.062514335353405695e-05
1.097184330678551724e-04
2.816216962451947709e-05
3.704374513689203448e-03
1.574451352128469761e-04
2.985100471004819076e-05
1.098001445675337516e-04
4.666760105905669862e-05
1.392740267518606230e-04
3.768767212507782794e-07
6.017584228317663525e-05
1.687452725582047703e-05
3.417385759183468394e-06
2.704935334723704727e-05
4.016417191743525426e-05
1.354663513253995114e-04
3.973967421829358108e-05
3.359234608718806865e-05
3.262758030214816965e-05
6.145108610506379862e-05
3.535606149574666457e-05
8.435958191861660206e-05
4.418965019847057821e-05
4.623893064772069828e-05
6.485817914716138775e-05
1.211084607199007268e-04
3.614823555111063995e-05
2.352501889228360060e-05
1.276415858358653126e-04
9.239486341009031439e-05
9.964328149206894722e-05
2.230870476879509329e-04
6.045758385994200260e-05
6.577328042369203430e-05
6.981600109512721398e-05
1.016696927637789375e-04
1.330519723370567607e-04
2.697237177143920741e-05
6.470953215570572167e-06
2.335250795872061740e-05
2.987206899882206181e-05
1.534055097165679300e-04
1.413533180117090208e-04
3.485376490059770126e-05
2.732854457582289904e-05
1.929677841761356992e-05
5.829050823418042770e-05
2.683863633362802874e-05
1.174794368826081114e-04
2.289944080717859942e-04
2.578819912858103876e-04
1.812022415850112096e-04
2.984092524249490211e-04
2.502221348702352233e-05
2.432110213017025347e-05
9.347234820117317862e-05
2.453491974948226995e-04
7.448295082043533493e-05
1.801864853950515036e-04
7.763485190292765902e-05
4.900439617194943351e-05
4.112222800028513231e-05
1.572753067821461965e-04
2.236887396667592827e-04
1.601635667922271164e-04
6.102982619722332845e-05
3.147988388664134840e-04
5.416081653641358729e-05
7.838053347513921818e-05
1.278899804346610917e-04
4.759720173658198037e-05
2.792552238838335866e-05
6.545648712639741103e-04
3.620824491508531953e-05
1.015373097774513716e-04
6.705956974084061571e-05
8.915281902047983019e-05
2.824787273486626036e-05
6.551882780853036069e-05
6.458000632021176424e-05
1.281692059530369586e-04
6.239937221246550357e-05
4.949363635549704633e-05
4.485892588859109428e-05
7.128853585935710315e-05
6.299552518501138113e-05
9.363893616742649821e-05
4.509100537767377602e-05
4.701368172239527612e-05
3.906463513489354870e-05
1.176788291600694284e-04
2.337122602279176255e-04
2.123744299743319060e-05
5.697473737118274260e-05
1.248297198125814141e-04
1.271591024072294386e-05
5.469138746745095517e-05
8.577591895724066395e-05
5.497706267791763743e-05
7.481659869442007255e-05
5.294258354402281132e-05
9.750069927036726235e-05
1.236203672127993516e-04
4.940855266908737318e-05
3.113653202368538782e-04
4.972722001164579016e-05
1.055776436375057152e-04
5.146125694303469356e-05
5.340088318671845120e-05
5.343038226405902476e-05
2.106988479806785625e-04
5.286574703890389762e-05
1.167504457979966608e-05
1.185096152445420665e-04
9.423149565445581926e-05
1.040083486335433374e-04
5.622861967620985203e-05
8.546514383310822058e-05
7.526892414156418883e-05
3.358519658440013012e-05
1.171709665206455185e-04
1.854665947057144320e-04
2.355595030344447726e-05
1.097740429511324608e-04
8.967493602620169306e-05
4.280368620994935919e-04
5.212187154495923340e-05
9.623656278174750559e-05
1.210428391142032086e-04
3.176469799425779984e-05
2.083724833981945095e-04
8.274390080772099523e-05
2.926093885707073858e-05
3.310562578929801471e-05
2.322380482322193606e-04
1.251078387067812512e-04
8.298198810606665136e-05
4.508041114027039721e-05
3.860184391072772213e-05
4.055370820188037532e-05
5.646607503209595839e-05
5.042216276100700299e-05
6.063580003528071770e-05
5.624232418052339631e-05
5.419788337937980099e-05
3.817150232693229244e-05
1.514488690278015877e-04
1.083097878153910579e-04
1.898711084575588912e-04
9.470649737806136916e-05
5.171274612512977468e-05
1.985816838569709713e-04
8.747802248595585141e-05
1.553108327362748222e-04
1.210525112247278802e-04
6.352332978934556657e-05
8.704768176504854504e-05
1.146871148320841304e-04
6.953015561537925911e-05
4.287169448575821145e-05
6.603572837211788276e-05
9.010325321742657437e-05
2.818250894402715608e-05
3.494974695906825468e-05
1.115318140820365910e-04
9.255132440566476808e-05
5.396277449279701004e-04
